
#define kMaxNitsFor2084     10000.0f

const mat3 k709_to_2020 = mat3 (
   0.6274040f, 0.3292820f, 0.0433136f,
   0.0690970f, 0.9195400f, 0.0113612f,
   0.0163916f, 0.0880132f, 0.8955950f);

/* START Converted from (Copyright (c) Microsoft Corporation - Licensed under the MIT License.)  https://github.com/microsoft/Xbox-ATG-Samples/tree/master/Kits/ATGTK/HDR */
const mat3 kExpanded709_to_2020 = mat3 (
    0.6274040f,  0.3292820f, 0.0433136f,
    0.0457456f,  0.941777f,  0.0124772f,
   -0.00121055f, 0.0176041f, 0.983607f);

//NTSC (1953)/ITU-R BT.470 - 525
 const mat3 kNTSC1953_to_2020 = mat3 (
   0.924130283352921f, 0.058040878058827f, 0.017828838588251f,
   0.081832452209371f, 0.839996416103710f, 0.078171131686919f,
   -0.003138728266940f, 0.033216715568834f, 0.969922012698106f);

//NTSC (1987)/SMPTE 240M/SMPTE C
 const mat3 k601_to_2020 = mat3 (
   0.595254206376441f, 0.349313919749775f, 0.055431873873783f,
   0.081243661805292f, 0.891503295602217f, 0.027253042592490f,
   0.015512341244385f, 0.081911642143068f, 0.902576016612547f);

//Pal/Secam/ITU-R BT.470 - 625
 const mat3 kPAL_to_2020 = mat3 (
   0.655036776701967f, 0.302160964978908f, 0.042802258319126f,
   0.072140555698383f, 0.916631128820964f, 0.011228315480653f,
   0.017113370439452f, 0.097853469923833f, 0.885033159636715f);

//EBU Tech. 3213-E
 const mat3 k3213E_to_2020 = mat3 (
   0.656656353779129f, 0.300719063748279f, 0.042624582472592f,
   0.072525428085101f, 0.916271070705580f, 0.011203501209319f,
   0.017188500243598f, 0.097872586557247f, 0.884938913199155f);

//ITU-R BT.709
 const mat3 kalt709_to_2020 = mat3 (
   0.627403895934699f, 0.329283038377884f, 0.043313065687417f,
   0.069097289358232f, 0.919540395075458f, 0.011362315566309f,
   0.016391438875150f, 0.088013307877226f, 0.895595253247624f);

//DCI-P3
 const mat3 kaDCIP3_to_2020 = mat3 (
   0.707334754484899f, 0.247569002167623f, 0.045096243347478f,
   0.036801714143967f, 0.965390705258538f, -0.002192419402504f,
   0.000222194187031f, 0.029426016456367f, 0.970351789356603f);

//Display P3/P3-D65
 const mat3 kaDisplayP3_to_2020 = mat3 (
   0.753833034361721f, 0.198597369052617f, 0.047569596585662f,
   0.045743848965358f, 0.941777219811693f, 0.012478931222948f,
   -0.001210340354518f, 0.017601717301090f, 0.983608623053428f);

//sRGB
 const mat3 ksRGB_to_2020 = mat3 (
   0.627441372057978f, 0.329297459521909f, 0.043351458394495f,
   0.069027617147078f, 0.919580666887028f, 0.011361422575401f,
   0.016364235071681f, 0.088017162471727f, 0.895564972725983f);

//Adobe RGB (1998)
 const mat3 kAdobeRGB1998_to_2020 = mat3 (
   0.877337599133789f, 0.077497709099687f, 0.045174670424343f,
   0.096613889523141f, 0.891520398792844f, 0.011846866967978f,
   0.022920009813905f, 0.043037949654269f, 0.934044659100325f);

//Adobe Wide Gamut RGB
 const mat3 kAdobeWGRGB_to_2020 = mat3 (
   1.107073553496249f, -0.153227847929002f, 0.046154294432753f,
   -0.050931551529117f, 1.130629708912274f, -0.079698157383157f,
   0.004751406104069f, 0.043194090984263f, 0.952054502911668f);

//Apple RGB
 const mat3 kAppleRGB_to_2020 = mat3 (
   0.678529391873470f, 0.268103222741389f, 0.053367385385141f,
   0.096031750282729f, 0.877730211467603f, 0.026238038249668f,
   0.021192740493379f, 0.109846519921590f, 0.868960739585031f);

//ITU-R BT.2020
 const mat3 k2020_to_2020 = mat3 (
   1.000000000000000f, 0.000000000000000f, 0.000000000000000f,
   0.000000000000000f, 1.000000000000000f, -0.000000000000000f,
   0.000000000000000f, 0.000000000000000f, 1.000000000000000f);

// NTSC-J P22
 const mat3 kNTSCJP22_to_2020 = mat3 (
   0.691014f, 0.261287f, 0.047700f,
   0.109646f, 0.876813f, 0.013541f,
   0.014382f, 0.096629f, 0.888989);

// P22_80
 const mat3 kP2280_to_2020 = mat3 (
   0.702409f, 0.260434f, 0.037157f,
   0.087800f, 0.889849f, 0.022351f,
   0.004390f, 0.077212f, 0.918398);

// P22 improved with tinted phosphors
 const mat3 kP2290_to_2020 = mat3 (
   0.621792f, 0.339128f, 0.039080f,
   0.057073f, 0.919420f, 0.023508f,
   -0.000938f, 0.035014f, 0.965924);

// RPTV (Rear Projection TV) for NTSC-U late 90s, early 00s
 const mat3 kRPTV_to_2020 = mat3 (
   0.504405f, 0.451465f, 0.044129f,
   0.059729f, 0.908159f, 0.032112f,
   0.010633f, 0.062627f, 0.926741);

//const mat3 k2020Gamuts[2] = { k709_to_2020, kExpanded709_to_2020 };
//const mat3 k2020Gamuts[17] = { k709_to_2020, kExpanded709_to_2020, kNTSC1953_to_2020, k601_to_2020, kPAL_to_2020, k3213E_to_2020, kaDCIP3_to_2020, kaDisplayP3_to_2020, ksRGB_to_2020, kAdobeRGB1998_to_2020, kAdobeWGRGB_to_2020, kAppleRGB_to_2020, k2020_to_2020, kNTSCJP22_to_2020, kP2280_to_2020, kP2290_to_2020, kRPTV_to_2020 };
const mat3 k2020Gamuts[11] = { k709_to_2020, kExpanded709_to_2020, kNTSC1953_to_2020, k601_to_2020, kPAL_to_2020, kaDisplayP3_to_2020, k2020_to_2020, kNTSCJP22_to_2020, kP2280_to_2020, kP2290_to_2020, kRPTV_to_2020 };

float LinearToST2084_1(const float channel)
{
   float ST2084 = pow((0.8359375f + 18.8515625f * pow(abs(channel), 0.1593017578f)) / (1.0f + 18.6875f * pow(abs(channel), 0.1593017578f)), 78.84375f);
   return ST2084;  /* Don't clamp between [0..1], so we can still perform operations on scene values higher than 10,000 nits */
}

vec3 LinearToST2084(const vec3 colour)
{
	return vec3(LinearToST2084_1(colour.r), LinearToST2084_1(colour.g), LinearToST2084_1(colour.b));
}

/* END Converted from (Copyright (c) Microsoft Corporation - Licensed under the MIT License.)  https://github.com/microsoft/Xbox-ATG-Samples/tree/master/Kits/ATGTK/HDR */

/* Convert into HDR10 */
vec3 Hdr10(const vec3 hdr_linear, float paper_white_nits, float expand_gamut)
{
   const vec3 rec2020       = hdr_linear * k2020Gamuts[uint(expand_gamut)];
   const vec3 linearColour  = rec2020 * (paper_white_nits / kMaxNitsFor2084);
   vec3 hdr10               = LinearToST2084(linearColour);

   return hdr10;
}

